1
380 500 2 1
310 520 3 1
92
40 40 0 0
160 40 0 1
280 40 0 1
480 40 0 1
600 40 0 1
720 40 0 1
40 80 0 1
160 80 0 1
280 80 0 1
480 80 0 1
600 80 0 1
720 80 0 1
40 120 0 1
160 120 0 1
280 120 0 1
480 120 0 1
600 120 0 1
720 120 0 1
40 160 0 1
160 160 0 0
280 160 0 1
320 160 1 1
360 160 1 1
400 160 1 1
440 160 1 1
480 160 0 1
600 160 0 1
720 160 0 1
40 200 0 1
160 200 0 1
600 200 0 0
720 200 0 1
240 240 0 1
280 240 0 1
480 240 0 1
520 240 0 1
40 280 0 1
80 280 0 0
120 280 0 1
280 280 0 1
480 280 0 1
640 280 0 1
680 280 0 1
720 280 0 1
40 320 1 1
80 320 1 1
120 320 1 1
240 320 2 1
280 320 2 1
320 320 2 1
360 320 2 1
400 320 2 1
440 320 2 1
480 320 2 1
520 320 2 1
640 320 1 1
680 320 1 1
720 320 1 1
40 360 2 1
80 360 0 1
160 360 0 1
280 360 0 1
480 360 0 1
600 360 0 1
680 360 0 1
720 360 2 1
40 400 2 1
80 400 0 1
160 400 0 1
280 400 0 1
320 400 0 1
360 400 0 1
400 400 0 1
440 400 0 1
480 400 0 1
600 400 0 1
680 400 0 1
720 400 2 1
40 440 2 1
80 440 0 1
160 440 0 1
280 440 0 1
480 440 0 1
600 440 0 1
680 440 0 1
720 440 2 1
80 480 0 1
160 480 0 1
280 480 0 1
480 480 0 1
600 480 0 1
680 480 0 1
6
390 240 1 1
420 200 0 1
120 150 2 1
240 150 2 1
430 120 1 1
70 40 3 1
