1
2
320 260 0 1
92
40 40 2 1
280 40 1 1
440 40 1 1
40 80 2 1
80 80 0 1
280 80 1 1
440 80 0 1
560 80 0 1
640 80 0 1
40 120 2 1
80 120 0 1
160 120 0 1
280 120 1 1
440 120 0 1
560 120 0 1
600 120 0 1
640 120 0 1
40 160 2 1
160 160 0 1
280 160 2 1
320 160 2 1
360 160 2 1
440 160 0 1
560 160 0 1
600 160 1 1
640 160 0 1
680 160 0 1
40 200 2 1
160 200 0 1
400 200 0 1
440 200 0 1
560 200 1 1
640 200 2 1
680 200 1 1
720 200 1 1
40 240 2 1
80 240 2 1
120 240 2 1
360 240 0 1
400 240 1 1
560 240 0 1
640 240 2 1
520 280 1 1
560 280 0 1
640 280 2 1
680 280 0 1
40 320 1 1
80 320 0 1
200 320 1 1
360 320 2 1
400 320 2 1
440 320 2 1
480 320 1 1
520 320 0 1
560 320 0 1
40 360 0 1
80 360 2 1
200 360 1 1
600 360 2 1
640 360 2 1
680 360 2 1
40 400 0 1
80 400 2 1
200 400 0 1
320 400 0 1
400 400 0 1
560 400 0 1
640 400 1 1
680 400 0 1
40 440 0 1
80 440 2 1
200 440 0 1
320 440 0 1
400 440 0 1
480 440 0 1
520 440 1 1
560 440 0 1
640 440 1 1
680 440 0 1
40 480 0 1
80 480 2 1
200 480 0 1
320 480 0 1
360 480 0 1
400 480 0 1
640 480 1 1
680 480 0 1
40 520 2 1
80 520 2 1
600 520 0 1
640 520 0 1
680 520 0 1
1
60 40 3 1
